10 10
10 100 14 8 4 10 12 13 8 13 2
14 0 8 10 4 2 6 18 5 15
8 8 0 6 7 5 5 9 11 8
4 10 6 0 6 8 10 11 8 6
10 4 7 6 0 4 8 16 3 12
12 2 5 8 4 0 4 15 7 13
13 6 5 10 8 4 0 14 11 13
8 18 9 11 16 15 14 0 19 6
13 5 11 8 3 7 11 19 0 15
2 15 8 6 12 13 13 6 15 0
0 0 12 13 3 19 17 13 17 9
0 2 3 2 1 1 2 3 1 2
4 2 2 10 13 4 2 12 7 7
1 0